Nanograma 5x5 N°1

Matriz
1 0 1 0 1
0 1 0 1 0
1 1 1 1 1
0 1 0 1 0
1 0 1 0 1

Pistas
Horizontales: [[1], [1], [5], [1], [1]]
Verticales: [[1, 1], [1, 1], [5], [1, 1], [1, 1]]


Nanograma 5X5 N°2

Matriz
0 1 0 1 0
1 1 1 0 1
0 1 0 1 0
1 1 1 0 1
0 1 0 1 0

Pistas
Horizontales: [[1], [3], [1], [3], [1]]
Verticales: [[1, 1], [1, 1], [1], [1, 1], [1]]


Nanograma 10X10 N°1

Matriz
1 1 0 0 1 1 1 0 0 1
1 0 1 0 0 0 1 0 1 1
1 0 1 0 1 1 1 0 0 1
1 1 1 1 1 0 0 0 1 0
0 0 0 1 1 1 1 1 1 1
1 0 0 0 0 1 0 0 0 1
1 0 1 1 1 0 1 0 1 1
1 0 1 0 0 0 1 0 0 1
0 0 0 1 1 1 0 1 1 1
1 1 1 0 0 1 0 1 0 0

Pistas
Horizontales: [[2], [1, 1], [1, 3], [5], [7], [1], [1, 1], [1], [1, 2], [3]]
Verticales: [[2], [1], [3], [3, 1], [2, 2], [1, 1], [1], [3], [1, 1], [1]]


Nanograma 10x10 N°2

Matriz
0 1 0 1 0 1 0 0 1 0
1 0 1 1 1 0 0 0 1 1
0 1 0 0 1 1 1 0 1 0
1 1 1 0 0 1 0 0 1 1
0 0 0 1 1 0 1 0 0 0
1 0 1 0 0 1 1 1 1 1
1 1 0 1 0 0 0 0 1 0
0 1 1 1 1 0 0 1 0 1
1 0 0 0 1 1 1 0 0 1
0 0 0 1 0 1 0 1 0 1

Pistas
Horizontales: [[1], [3], [1, 3], [3, 1], [1, 1], [5], [1, 1], [3], [1], [1]]
Verticales: [[1], [1], [3], [4], [1], [3], [2], [1], [1], [1]]


Nanograma 15X15 N°1

Matriz
1 1 0 0 1 1 0 1 1 0 1 1 0 0 1
1 0 1 1 0 0 1 0 0 1 0 1 1 1 1
1 0 1 1 1 1 1 1 1 0 0 0 0 1 0
0 0 1 0 0 0 1 0 0 0 1 1 1 1 1
1 0 1 0 1 1 1 0 0 1 0 0 1 0 0
1 1 1 0 0 1 1 1 1 0 1 1 1 0 1
0 0 0 1 0 1 0 0 0 0 1 0 0 1 1
1 0 1 1 1 0 0 1 1 0 0 0 1 1 1
1 1 1 0 0 1 0 0 1 0 0 1 0 0 1
0 1 0 0 1 0 1 1 0 0 1 0 0 1 1
1 0 0 1 0 0 0 0 1 1 1 0 0 0 0
1 1 1 0 0 1 1 1 1 1 1 1 0 0 1
0 1 0 1 0 0 0 1 0 0 1 0 0 0 0
1 1 0 0 1 0 1 1 1 0 1 0 1 0 1
1 0 1 0 0 1 0 0 0 0 0 1 1 1 1

Pistas
Horizontales: [[2], [2, 1], [10], [1], [3], [3, 1], [2, 2], [2], [3], [3], [1, 1], [2], [3], [1], [1], [2]]
Verticales: [[1], [1], [3], [3], [5], [5], [3, 1], [1], [1, 1], [1, 1, 1], [1], [1], [1, 1], [2], [2]]


Nanograma 15x15 N°2

Matriz
1 0 0 1 0 1 0 0 1 1 0 0 1 0 0
0 1 1 0 0 1 1 1 0 0 1 0 1 1 0
1 0 1 0 1 0 0 1 0 0 0 1 1 1 1
0 0 0 1 0 1 0 0 1 1 0 1 0 0 1
1 0 0 1 1 1 0 0 0 0 1 0 1 1 0
1 1 1 0 1 0 1 1 0 0 1 0 0 1 1
0 0 1 1 1 1 0 0 0 1 1 0 1 0 0
1 0 0 1 0 1 1 0 1 0 0 0 1 1 1
0 0 1 0 0 1 1 0 0 0 1 0 1 0 1
1 0 0 0 1 0 0 0 0 1 0 0 1 1 0
0 1 1 0 0 1 1 0 0 0 0 1 0 1 1
1 1 1 0 1 0 1 0 0 1 1 1 0 1 0
0 0 1 1 0 1 0 0 1 0 0 1 1 0 1
1 0 0 0 0 1 1 0 1 0 0 1 1 1 1
1 0 1 0 1 0 0 0 1 0 0 0 1 0 0

Pistas
Horizontales: [[1], [2, 3], [3, 2], [3, 1], [5], [1, 1], [2], [2, 1], [2, 1], [3], [1, 1], [2, 2], [1], [1]]
Verticales: [[1], [1], [2], [2, 1], [2], [3], [3], [3], [2], [2], [3, 2], [1], [2, 2], [1], [1], [2]]


Nanograma 20x20 N°1

Matriz
1 1 0 0 1 1 1 0 1 1 0 1 1 0 1 1 0 1 1 0
1 0 1 0 0 1 1 0 0 0 0 1 1 0 0 1 1 0 0 0
1 0 1 1 0 1 0 1 1 1 1 0 1 0 0 1 1 0 1 1
1 1 1 1 1 0 0 0 1 0 1 0 0 1 1 0 0 0 0 1
0 1 0 0 1 1 0 1 1 1 1 0 1 0 0 0 0 1 1 0
1 1 0 0 0 0 1 0 0 1 0 1 1 1 1 1 0 0 1 1
0 1 0 0 1 0 1 1 1 1 1 0 0 0 0 1 1 1 0 1
0 0 1 0 0 0 1 1 1 0 1 0 0 0 1 1 0 1 0 0
1 1 1 1 0 1 0 0 1 0 0 0 1 1 0 1 1 1 1 1
1 0 0 1 0 0 1 0 0 1 0 1 0 1 0 0 1 0 1 0
0 0 1 0 1 1 1 1 0 0 1 1 0 1 1 0 0 0 0 1
1 1 0 0 0 1 0 1 0 0 1 1 1 1 1 1 1 0 0 1
0 0 1 1 0 0 1 0 1 1 0 0 0 1 0 0 1 1 0 0
1 0 0 1 1 1 1 0 1 1 1 0 1 0 0 0 1 0 1 1
1 0 1 0 0 0 1 0 0 0 1 0 1 1 0 1 1 1 0 1
0 0 1 0 0 0 1 1 1 1 1 0 0 0 1 0 1 0 0 1
0 0 0 1 1 1 0 1 0 1 0 0 1 0 0 0 1 0 1 0
1 0 1 0 1 0 0 1 0 0 1 0 1 0 1 0 0 0 1 0
1 0 0 0 1 1 1 1 1 1 1 0 1 0 0 0 1 1 1 0
1 1 1 0 1 0 0 0 1 1 0 0 0 1 0 1 1 1 0 0

Pistas
Horizontales: [[3], [3, 2], [1], [2], [4], [5], [5], [2], [3, 1], [4, 1], [2], [1], [1, 1], [1], [1], [1]]
Verticales: [[1], [3, 1], [4], [1], [3], [3], [1], [2], [2], [3, 1], [1, 1], [1], [1, 1], [1, 1], [1, 1], [1]]


Nanograma 20x20 N°2

Matriz
0 1 0 1 0 1 1 0 1 0 0 1 0 1 0 0 1 0 0 1
1 0 1 0 1 0 1 1 1 1 0 0 0 0 1 0 0 0 1 1
1 1 1 0 0 1 1 0 1 0 0 1 1 0 1 1 0 0 0 1
0 1 0 1 0 1 0 0 1 0 1 1 1 0 0 0 0 1 0 0
1 0 0 1 1 0 1 1 1 0 1 0 1 0 0 1 0 0 1 1
1 0 1 1 1 1 0 1 0 0 0 1 0 1 0 0 0 1 1 0
0 1 1 0 0 1 0 1 1 1 0 0 0 0 1 0 0 0 1 0
0 0 1 1 1 0 0 1 0 0 1 1 1 1 1 0 1 1 0 1
0 0 0 1 1 1 1 0 0 0 1 0 1 0 0 1 1 0 0 0
1 0 0 0 0 1 0 1 0 0 1 1 1 1 0 1 0 1 1 0
0 1 1 0 0 0 1 1 0 0 0 1 0 0 0 1 0 0 1 0
0 1 1 1 0 0 0 1 1 0 0 1 0 1 0 0 1 0 1 0
1 0 0 1 1 1 0 1 0 0 0 1 1 1 1 0 0 0 1 1
1 1 0 1 0 0 0 1 0 1 0 0 0 0 0 1 0 0 0 1
0 0 0 1 0 1 1 1 1 1 1 0 1 1 0 0 0 1 0 1
0 1 0 0 0 0 1 1 1 0 1 0 0 1 0 0 0 1 1 1
1 0 1 0 0 0 1 1 0 0 1 0 1 0 0 1 0 0 0 1

Pistas
Horizontales: [[1], [3, 1], [4], [3], [1], [2], [1, 2], [2], [2], [1], [1], [2], [1], [1, 1], [1], [1], [1]]
Verticales: [[1], [1], [1, 1], [1], [1], [1], [2, 1], [2], [2], [1], [1], [1], [1, 1], [2], [2], [1]]